type	x	y	z	rot x	rot y	rot z	rad/ang	red	green	blue	alpha
2.0	400.0	-10.0	0.0	0.0 	0.0	0.0	20.0	255.0	0.0	0.0	255.0
2.0	400.0 	10.0 	0.0 	0.0	0.0	0.0     20.0 	255.0 	0.0 	0.0 	255.0
1.0	400.0	0.0	-10.0	0.0	0.0	0.0	0.0	0.0	0.0	255.0	255.0
3.0	300.0	30.0	20.0	0.0	0.0	0.0	30.0	255.0	0.0	0.0	255.0
2.0	400.0	120.0	0.0	0.0	0.0	0.0	20.0	255.0	0.0	0.0	255.0
2.0	400.0 	60.0 	40.0 	0.0	0.0	0.0	20.0 	255.0 	0.0 	0.0 	255.0
2.0	400.0	-40.0	10.0	0.0	0.0	0.0	20.0	255.0	0.0	0.0	255.0
2.0	400.0 	-60.0 	30.0 	0.0	0.0	0.0	20.0 	255.0 	0.0 	0.0 	255.0
2.0	300.0 	150.0 	60.0 	0.0	0.0	0.0	17.0 	255.0 	0.0 	0.0 	255.0
4.0	400.0	200.0	0.0	0.0	0.0	0.0	50.0	0.0	255.0	0.0	255.0